2
500
123
116
60
92
87
113
113
127
59
146
85
71
96
79
119
80
33
108
36
126
120
134
150
75
103
79
38
51
144
142
74
65
78
20
128
42
111
106
22
138
19
56
98
53
131
148
123
19
96
62
140
99
131
49
148
113
138
73
103
116
84
30
103
74
42
22
53
101
148
148
78
26
38
83
47
109
107
110
113
34
144
70
15
22
106
18
101
98
42
85
80
25
44
43
118
61
28
107
80
145
51
18
78
86
73
123
120
148
129
75
113
70
30
46
109
16
129
95
57
16
132
119
56
76
43
48
32
70
29
84
106
91
134
133
54
86
111
82
84
138
76
110
103
57
74
106
62
107
128
70
19
49
31
85
149
145
108
143
129
81
137
81
135
66
42
35
109
17
60
91
87
115
84
115
78
125
99
133
44
34
24
23
136
117
102
67
116
98
121
18
120
118
59
56
25
103
54
41
88
58
134
119
18
143
43
125
51
147
83
26
48
101
31
120
84
24
110
21
114
77
134
78
111
24
124
38
65
34
120
100
51
34
125
98
108
102
66
25
129
101
114
147
69
57
51
84
130
105
29
34
71
97
52
85
55
143
40
109
76
122
142
126
48
146
51
138
77
73
68
102
62
138
113
85
72
117
106
123
79
62
136
101
76
134
36
125
29
90
41
22
29
114
75
125
52
70
106
86
119
72
16
103
45
130
32
26
20
72
44
49
91
130
64
53
105
24
65
132
65
87
44
110
145
62
101
105
150
26
100
63
49
98
116
63
134
49
128
123
92
24
54
35
132
61
137
110
150
37
59
50
24
124
39
91
73
32
125
150
143
116
64
68
42
149
63
72
41
48
109
73
33
143
18
122
71
55
38
85
121
87
100
105
47
22
107
112
127
38
96
133
140
108
43
35
127
147
24
89
29
106
104
53
143
71
87
28
139
21
108
53
29
116
106
114
27
129
92
63
61
72
60
88
23
131
126
71
48
30
118
139
79
91
94
135
110
137
137
114
105
118
104
102
46
112
105
62
78
109
129
96
91
144
54
17
73
62
111
91
150
112
128
17
67
140
35
140
29
40
64
49
119
112
104
145
26
72
38
139
38
139
30
40
18
27
133
46
89
119
78
21
72
78
48
133
15
73
94
91
109
79

